METRIQUES SWV
========================================
I_peak_A: 3.110805e-06
I_peak_nA: 3.110805e+03
I_peak_raw_uA: 6.628310e+00
E_peak_V: -2.400000e-01
I_baseline_uA: 3.517506e+00
sigma_baseline_nA: 2.029868e+00
SNR: 1.532516e+03
FWHM_V: 5.600000e-02
FWHM_mV: 5.600000e+01
FWHM_ideal_mV: 4.521658e+01
R2_gaussian: 9.989931e-01
baseline_ratio_pct: 5.306791e+01
