METRIQUES SWV
========================================
I_peak_A: 7.780026e-07
I_peak_nA: 7.780026e+02
I_peak_raw_uA: 2.065134e+00
E_peak_V: -2.400000e-01
I_baseline_uA: 1.287001e+00
sigma_baseline_nA: 2.692331e+00
SNR: 2.889699e+02
FWHM_V: 5.600000e-02
FWHM_mV: 5.600000e+01
FWHM_ideal_mV: 4.521658e+01
R2_gaussian: 9.993338e-01
baseline_ratio_pct: 6.232049e+01
