METRIQUES SWV
========================================
I_peak_A: 3.319207e-06
I_peak_nA: 3.319207e+03
I_peak_raw_uA: 7.824178e+00
E_peak_V: -2.400000e-01
I_baseline_uA: 4.504194e+00
sigma_baseline_nA: 1.677926e+01
SNR: 1.978160e+02
FWHM_V: 5.600000e-02
FWHM_mV: 5.600000e+01
FWHM_ideal_mV: 4.521658e+01
R2_gaussian: 9.989526e-01
baseline_ratio_pct: 5.756763e+01
