METRIQUES SWV
========================================
I_peak_A: 1.712655e-06
I_peak_nA: 1.712655e+03
I_peak_raw_uA: 8.646105e+00
E_peak_V: -2.440000e-01
I_baseline_uA: 6.933136e+00
sigma_baseline_nA: 1.462517e+01
SNR: 1.171032e+02
FWHM_V: 6.000000e-02
FWHM_mV: 6.000000e+01
FWHM_ideal_mV: 4.521658e+01
R2_gaussian: 9.981366e-01
baseline_ratio_pct: 8.018798e+01
