METRIQUES SWV
========================================
I_peak_A: 2.530760e-06
I_peak_nA: 2.530760e+03
I_peak_raw_uA: 4.743267e+00
E_peak_V: -2.400000e-01
I_baseline_uA: 2.212509e+00
sigma_baseline_nA: 1.443455e+00
SNR: 1.753266e+03
FWHM_V: 5.600000e-02
FWHM_mV: 5.600000e+01
FWHM_ideal_mV: 4.521658e+01
R2_gaussian: 9.991858e-01
baseline_ratio_pct: 4.664526e+01
