METRIQUES SWV
========================================
I_peak_A: 3.062151e-06
I_peak_nA: 3.062151e+03
I_peak_raw_uA: 5.407035e+00
E_peak_V: -2.400000e-01
I_baseline_uA: 2.344883e+00
sigma_baseline_nA: 1.469962e+00
SNR: 2.083150e+03
FWHM_V: 5.600000e-02
FWHM_mV: 5.600000e+01
FWHM_ideal_mV: 4.521658e+01
R2_gaussian: 9.991804e-01
baseline_ratio_pct: 4.336726e+01
