METRIQUES SWV
========================================
I_peak_A: 3.919724e-06
I_peak_nA: 3.919724e+03
I_peak_raw_uA: 9.450991e+00
E_peak_V: -2.400000e-01
I_baseline_uA: 5.531278e+00
sigma_baseline_nA: 3.241451e+00
SNR: 1.209249e+03
FWHM_V: 6.400000e-02
FWHM_mV: 6.400000e+01
FWHM_ideal_mV: 4.521658e+01
R2_gaussian: 9.986133e-01
baseline_ratio_pct: 5.852590e+01
IR_drop_mV: 2.238222e+00
K_dimensionless: 6.023884e-01
frequency_Hz: 25
R_u_Ohm: 500
