METRIQUES SWV
========================================
I_peak_A: 1.872548e-06
I_peak_nA: 1.872548e+03
I_peak_raw_uA: 3.850139e+00
E_peak_V: -2.400000e-01
I_baseline_uA: 1.977524e+00
sigma_baseline_nA: 2.580373e+00
SNR: 7.256889e+02
FWHM_V: 5.600000e-02
FWHM_mV: 5.600000e+01
FWHM_ideal_mV: 4.521658e+01
R2_gaussian: 9.992893e-01
baseline_ratio_pct: 5.136241e+01
