METRIQUES SWV
========================================
I_peak_A: 5.044365e-06
I_peak_nA: 5.044365e+03
I_peak_raw_uA: 5.106750e+01
E_peak_V: -2.560000e-01
I_baseline_uA: 4.602327e+01
sigma_baseline_nA: 2.435904e+00
SNR: 2.070839e+03
FWHM_V: 6.400000e-02
FWHM_mV: 6.400000e+01
FWHM_ideal_mV: 4.521658e+01
R2_gaussian: 9.878507e-01
baseline_ratio_pct: 9.012241e+01
IR_drop_mV: 0.000000e+00
K_dimensionless: 7.408182e-02
frequency_Hz: 500
R_u_Ohm: 0
