METRIQUES SWV
========================================
I_peak_A: 1.721688e-06
I_peak_nA: 1.721688e+03
I_peak_raw_uA: 5.583627e+00
E_peak_V: -2.400000e-01
I_baseline_uA: 3.861587e+00
sigma_baseline_nA: 8.801861e+00
SNR: 1.956050e+02
FWHM_V: 5.600000e-02
FWHM_mV: 5.600000e+01
FWHM_ideal_mV: 4.521658e+01
R2_gaussian: 9.989185e-01
baseline_ratio_pct: 6.915912e+01
