METRIQUES SWV
========================================
I_peak_A: 2.940697e-06
I_peak_nA: 2.940697e+03
I_peak_raw_uA: 9.874264e+00
E_peak_V: -2.400000e-01
I_baseline_uA: 6.932874e+00
sigma_baseline_nA: 1.379073e+01
SNR: 2.132373e+02
FWHM_V: 6.000000e-02
FWHM_mV: 6.000000e+01
FWHM_ideal_mV: 4.521658e+01
R2_gaussian: 9.984008e-01
baseline_ratio_pct: 7.021155e+01
