METRIQUES SWV
========================================
I_peak_A: 1.841330e-06
I_peak_nA: 1.841330e+03
I_peak_raw_uA: 7.947318e+00
E_peak_V: -2.440000e-01
I_baseline_uA: 6.105685e+00
sigma_baseline_nA: 1.280876e+01
SNR: 1.437555e+02
FWHM_V: 6.000000e-02
FWHM_mV: 6.000000e+01
FWHM_ideal_mV: 4.521658e+01
R2_gaussian: 9.982864e-01
baseline_ratio_pct: 7.682698e+01
