METRIQUES SWV
========================================
I_peak_A: 4.722853e-06
I_peak_nA: 4.722853e+03
I_peak_raw_uA: 1.853400e+01
E_peak_V: -2.440000e-01
I_baseline_uA: 1.381107e+01
sigma_baseline_nA: 4.116130e+00
SNR: 1.147401e+03
FWHM_V: 6.000000e-02
FWHM_mV: 6.000000e+01
FWHM_ideal_mV: 4.521658e+01
R2_gaussian: 9.965758e-01
baseline_ratio_pct: 7.451751e+01
IR_drop_mV: 0.000000e+00
K_dimensionless: 2.744058e-01
frequency_Hz: 100
R_u_Ohm: 0
