METRIQUES SWV
========================================
I_peak_A: 3.841467e-06
I_peak_nA: 3.841467e+03
I_peak_raw_uA: 9.946749e+00
E_peak_V: -2.400000e-01
I_baseline_uA: 6.104661e+00
sigma_baseline_nA: 1.410444e+01
SNR: 2.723586e+02
FWHM_V: 6.000000e-02
FWHM_mV: 6.000000e+01
FWHM_ideal_mV: 4.521658e+01
R2_gaussian: 9.985056e-01
baseline_ratio_pct: 6.137343e+01
IR_drop_mV: 4.744210e-01
K_dimensionless: 6.023884e-01
frequency_Hz: 25
R_u_Ohm: 100
