METRIQUES SWV
========================================
I_peak_A: 2.406697e-06
I_peak_nA: 2.406697e+03
I_peak_raw_uA: 4.234522e+00
E_peak_V: -2.400000e-01
I_baseline_uA: 1.827753e+00
sigma_baseline_nA: 2.097895e+00
SNR: 1.147196e+03
FWHM_V: 5.600000e-02
FWHM_mV: 5.600000e+01
FWHM_ideal_mV: 4.521658e+01
R2_gaussian: 9.993156e-01
baseline_ratio_pct: 4.316315e+01
