METRIQUES SWV
========================================
I_peak_A: 4.235988e-06
I_peak_nA: 4.235988e+03
I_peak_raw_uA: 2.371441e+01
E_peak_V: -2.480000e-01
I_baseline_uA: 1.947842e+01
sigma_baseline_nA: 6.050509e+00
SNR: 7.001043e+02
FWHM_V: 6.400000e-02
FWHM_mV: 6.400000e+01
FWHM_ideal_mV: 4.521658e+01
R2_gaussian: 9.949813e-01
baseline_ratio_pct: 8.213749e+01
IR_drop_mV: 0.000000e+00
K_dimensionless: 1.852046e-01
frequency_Hz: 200
R_u_Ohm: 0
