METRIQUES SWV
========================================
I_peak_A: 2.034736e-06
I_peak_nA: 2.034736e+03
I_peak_raw_uA: 3.694317e+00
E_peak_V: -2.400000e-01
I_baseline_uA: 1.659587e+00
sigma_baseline_nA: 1.310615e+00
SNR: 1.552505e+03
FWHM_V: 5.600000e-02
FWHM_mV: 5.600000e+01
FWHM_ideal_mV: 4.521658e+01
R2_gaussian: 9.992783e-01
baseline_ratio_pct: 4.492270e+01
