METRIQUES SWV
========================================
I_peak_A: 2.729514e-06
I_peak_nA: 2.729514e+03
I_peak_raw_uA: 5.532949e+00
E_peak_V: -2.400000e-01
I_baseline_uA: 2.802942e+00
sigma_baseline_nA: 1.069903e+01
SNR: 2.551180e+02
FWHM_V: 5.600000e-02
FWHM_mV: 5.600000e+01
FWHM_ideal_mV: 4.521658e+01
R2_gaussian: 9.991960e-01
baseline_ratio_pct: 5.065911e+01
