METRIQUES SWV
========================================
I_peak_A: 4.572219e-06
I_peak_nA: 4.572219e+03
I_peak_raw_uA: 1.918693e+01
E_peak_V: -2.440000e-01
I_baseline_uA: 1.461453e+01
sigma_baseline_nA: 8.561563e+00
SNR: 5.340402e+02
FWHM_V: 6.000000e-02
FWHM_mV: 6.000000e+01
FWHM_ideal_mV: 4.521658e+01
R2_gaussian: 9.966566e-01
baseline_ratio_pct: 7.616919e+01
IR_drop_mV: 0.000000e+00
K_dimensionless: 2.744058e-01
frequency_Hz: 100
R_u_Ohm: 0
