METRIQUES SWV
========================================
I_peak_A: 1.808365e-06
I_peak_nA: 1.808365e+03
I_peak_raw_uA: 5.464056e+00
E_peak_V: -2.400000e-01
I_baseline_uA: 3.655542e+00
sigma_baseline_nA: 4.199382e+00
SNR: 4.306265e+02
FWHM_V: 5.600000e-02
FWHM_mV: 5.600000e+01
FWHM_ideal_mV: 4.521658e+01
R2_gaussian: 9.990376e-01
baseline_ratio_pct: 6.690161e+01
