METRIQUES SWV
========================================
I_peak_A: 6.701221e-07
I_peak_nA: 6.701221e+02
I_peak_raw_uA: 2.171957e+00
E_peak_V: -2.400000e-01
I_baseline_uA: 1.501571e+00
sigma_baseline_nA: 5.172232e+00
SNR: 1.295615e+02
FWHM_V: 5.600000e-02
FWHM_mV: 5.600000e+01
FWHM_ideal_mV: 4.521658e+01
R2_gaussian: 9.989624e-01
baseline_ratio_pct: 6.913444e+01
