METRIQUES SWV
========================================
I_peak_A: 3.574959e-06
I_peak_nA: 3.574959e+03
I_peak_raw_uA: 1.058309e+01
E_peak_V: -2.440000e-01
I_baseline_uA: 7.007484e+00
sigma_baseline_nA: 2.690983e+01
SNR: 1.328495e+02
FWHM_V: 6.000000e-02
FWHM_mV: 6.000000e+01
FWHM_ideal_mV: 4.521658e+01
R2_gaussian: 9.982069e-01
baseline_ratio_pct: 6.621397e+01
