METRIQUES SWV
========================================
I_peak_A: 1.731929e-06
I_peak_nA: 1.731929e+03
I_peak_raw_uA: 2.884393e+00
E_peak_V: -2.400000e-01
I_baseline_uA: 1.152421e+00
sigma_baseline_nA: 1.303145e+00
SNR: 1.329038e+03
FWHM_V: 5.600000e-02
FWHM_mV: 5.600000e+01
FWHM_ideal_mV: 4.521658e+01
R2_gaussian: 9.994216e-01
baseline_ratio_pct: 3.995366e+01
