METRIQUES SWV
========================================
I_peak_A: 2.720786e-06
I_peak_nA: 2.720786e+03
I_peak_raw_uA: 5.391715e+00
E_peak_V: -2.400000e-01
I_baseline_uA: 2.670439e+00
sigma_baseline_nA: 1.129658e+01
SNR: 2.408505e+02
FWHM_V: 5.600000e-02
FWHM_mV: 5.600000e+01
FWHM_ideal_mV: 4.521658e+01
R2_gaussian: 9.992188e-01
baseline_ratio_pct: 4.952856e+01
IR_drop_mV: 1.312043e+00
K_dimensionless: 1.481636e+00
frequency_Hz: 25
R_u_Ohm: 500
