METRIQUES SWV
========================================
I_peak_A: 1.744355e-06
I_peak_nA: 1.744355e+03
I_peak_raw_uA: 2.850499e+00
E_peak_V: -2.400000e-01
I_baseline_uA: 1.106152e+00
sigma_baseline_nA: 9.740307e-01
SNR: 1.790862e+03
FWHM_V: 5.600000e-02
FWHM_mV: 5.600000e+01
FWHM_ideal_mV: 4.521658e+01
R2_gaussian: 9.993978e-01
baseline_ratio_pct: 3.880556e+01
IR_drop_mV: 6.944353e-01
K_dimensionless: 2.000000e+00
frequency_Hz: 25
R_u_Ohm: 500
