METRIQUES SWV
========================================
I_peak_A: 3.127342e-06
I_peak_nA: 3.127342e+03
I_peak_raw_uA: 6.784085e+00
E_peak_V: -2.400000e-01
I_baseline_uA: 3.656544e+00
sigma_baseline_nA: 4.248686e+00
SNR: 7.360726e+02
FWHM_V: 6.000000e-02
FWHM_mV: 6.000000e+01
FWHM_ideal_mV: 4.521658e+01
R2_gaussian: 9.988712e-01
baseline_ratio_pct: 5.389886e+01
IR_drop_mV: 0.000000e+00
K_dimensionless: 8.607080e-01
frequency_Hz: 50
R_u_Ohm: 0
