METRIQUES SWV
========================================
I_peak_A: 1.686650e-06
I_peak_nA: 1.686650e+03
I_peak_raw_uA: 8.365080e+00
E_peak_V: -2.440000e-01
I_baseline_uA: 6.677790e+00
sigma_baseline_nA: 2.909137e+01
SNR: 5.797766e+01
FWHM_V: 6.000000e-02
FWHM_mV: 6.000000e+01
FWHM_ideal_mV: 4.521658e+01
R2_gaussian: 9.966415e-01
baseline_ratio_pct: 7.982936e+01
