METRIQUES SWV
========================================
I_peak_A: 2.006259e-06
I_peak_nA: 2.006259e+03
I_peak_raw_uA: 7.537318e+00
E_peak_V: -2.400000e-01
I_baseline_uA: 5.531054e+00
sigma_baseline_nA: 2.262411e+00
SNR: 8.867793e+02
FWHM_V: 6.000000e-02
FWHM_mV: 6.000000e+01
FWHM_ideal_mV: 4.521658e+01
R2_gaussian: 9.984550e-01
baseline_ratio_pct: 7.338225e+01
