METRIQUES SWV
========================================
I_peak_A: 3.359157e-06
I_peak_nA: 3.359157e+03
I_peak_raw_uA: 1.003235e+01
E_peak_V: -2.400000e-01
I_baseline_uA: 6.672048e+00
sigma_baseline_nA: 2.448204e+01
SNR: 1.372090e+02
FWHM_V: 6.000000e-02
FWHM_mV: 6.000000e+01
FWHM_ideal_mV: 4.521658e+01
R2_gaussian: 9.985994e-01
baseline_ratio_pct: 6.650535e+01
IR_drop_mV: 4.796477e+00
K_dimensionless: 6.023884e-01
frequency_Hz: 25
R_u_Ohm: 1000
