METRIQUES SWV
========================================
I_peak_A: 3.909643e-06
I_peak_nA: 3.909643e+03
I_peak_raw_uA: 8.334857e+00
E_peak_V: -2.400000e-01
I_baseline_uA: 4.425200e+00
sigma_baseline_nA: 1.197398e+00
SNR: 3.265115e+03
FWHM_V: 6.000000e-02
FWHM_mV: 6.000000e+01
FWHM_ideal_mV: 4.521658e+01
R2_gaussian: 9.986858e-01
baseline_ratio_pct: 5.309269e+01
IR_drop_mV: 0.000000e+00
K_dimensionless: 7.408182e-01
frequency_Hz: 50
R_u_Ohm: 0
