METRIQUES SWV
========================================
I_peak_A: 2.734906e-06
I_peak_nA: 2.734906e+03
I_peak_raw_uA: 6.940929e+00
E_peak_V: -2.400000e-01
I_baseline_uA: 4.205297e+00
sigma_baseline_nA: 1.786764e+01
SNR: 1.530648e+02
FWHM_V: 5.600000e-02
FWHM_mV: 5.600000e+01
FWHM_ideal_mV: 4.521658e+01
R2_gaussian: 9.989095e-01
baseline_ratio_pct: 6.058694e+01
