METRIQUES SWV
========================================
I_peak_A: 2.233135e-06
I_peak_nA: 2.233135e+03
I_peak_raw_uA: 4.903151e+00
E_peak_V: -2.400000e-01
I_baseline_uA: 2.669507e+00
sigma_baseline_nA: 1.185745e+01
SNR: 1.883319e+02
FWHM_V: 5.600000e-02
FWHM_mV: 5.600000e+01
FWHM_ideal_mV: 4.521658e+01
R2_gaussian: 9.990907e-01
baseline_ratio_pct: 5.444473e+01
