METRIQUES SWV
========================================
I_peak_A: 3.116688e-06
I_peak_nA: 3.116688e+03
I_peak_raw_uA: 5.328591e+00
E_peak_V: -2.400000e-01
I_baseline_uA: 2.211915e+00
sigma_baseline_nA: 1.081042e+00
SNR: 2.883040e+03
FWHM_V: 5.600000e-02
FWHM_mV: 5.600000e+01
FWHM_ideal_mV: 4.521658e+01
R2_gaussian: 9.991993e-01
baseline_ratio_pct: 4.151031e+01
IR_drop_mV: 1.291802e-01
K_dimensionless: 1.481636e+00
frequency_Hz: 25
R_u_Ohm: 50
