METRIQUES SWV
========================================
I_peak_A: 1.637884e-06
I_peak_nA: 1.637884e+03
I_peak_raw_uA: 5.798823e+00
E_peak_V: -2.400000e-01
I_baseline_uA: 4.160536e+00
sigma_baseline_nA: 7.783512e+00
SNR: 2.104300e+02
FWHM_V: 5.600000e-02
FWHM_mV: 5.600000e+01
FWHM_ideal_mV: 4.521658e+01
R2_gaussian: 9.988947e-01
baseline_ratio_pct: 7.174794e+01
