METRIQUES SWV
========================================
I_peak_A: 3.640805e-06
I_peak_nA: 3.640805e+03
I_peak_raw_uA: 1.031630e+01
E_peak_V: -2.440000e-01
I_baseline_uA: 6.674875e+00
sigma_baseline_nA: 2.586084e+01
SNR: 1.407845e+02
FWHM_V: 6.000000e-02
FWHM_mV: 6.000000e+01
FWHM_ideal_mV: 4.521658e+01
R2_gaussian: 9.983266e-01
baseline_ratio_pct: 6.470222e+01
IR_drop_mV: 2.470474e-01
K_dimensionless: 6.023884e-01
frequency_Hz: 25
R_u_Ohm: 50
