METRIQUES SWV
========================================
I_peak_A: 3.651777e-06
I_peak_nA: 3.651777e+03
I_peak_raw_uA: 1.032991e+01
E_peak_V: -2.400000e-01
I_baseline_uA: 6.676882e+00
sigma_baseline_nA: 2.756415e+01
SNR: 1.324828e+02
FWHM_V: 6.000000e-02
FWHM_mV: 6.000000e+01
FWHM_ideal_mV: 4.521658e+01
R2_gaussian: 9.983176e-01
baseline_ratio_pct: 6.463641e+01
IR_drop_mV: 0.000000e+00
K_dimensionless: 6.023884e-01
frequency_Hz: 25
R_u_Ohm: 0
