METRIQUES SWV
========================================
I_peak_A: 8.669162e-07
I_peak_nA: 8.669162e+02
I_peak_raw_uA: 1.973168e+00
E_peak_V: -2.400000e-01
I_baseline_uA: 1.106256e+00
sigma_baseline_nA: 9.210856e-01
SNR: 9.411896e+02
FWHM_V: 5.600000e-02
FWHM_mV: 5.600000e+01
FWHM_ideal_mV: 4.521658e+01
R2_gaussian: 9.993826e-01
baseline_ratio_pct: 5.606495e+01
