METRIQUES SWV
========================================
I_peak_A: 3.804188e-06
I_peak_nA: 3.804188e+03
I_peak_raw_uA: 1.039472e+01
E_peak_V: -2.440000e-01
I_baseline_uA: 6.590407e+00
sigma_baseline_nA: 7.012211e+00
SNR: 5.425091e+02
FWHM_V: 6.000000e-02
FWHM_mV: 6.000000e+01
FWHM_ideal_mV: 4.521658e+01
R2_gaussian: 9.984857e-01
baseline_ratio_pct: 6.340148e+01
