METRIQUES SWV
========================================
I_peak_A: 1.695112e-06
I_peak_nA: 1.695112e+03
I_peak_raw_uA: 2.913744e+00
E_peak_V: -2.400000e-01
I_baseline_uA: 1.218578e+00
sigma_baseline_nA: 1.482307e+00
SNR: 1.143563e+03
FWHM_V: 5.600000e-02
FWHM_mV: 5.600000e+01
FWHM_ideal_mV: 4.521658e+01
R2_gaussian: 9.994246e-01
baseline_ratio_pct: 4.182172e+01
