METRIQUES SWV
========================================
I_peak_A: 2.730611e-06
I_peak_nA: 2.730611e+03
I_peak_raw_uA: 1.023969e+01
E_peak_V: -2.440000e-01
I_baseline_uA: 7.508489e+00
sigma_baseline_nA: 2.816799e+01
SNR: 9.694022e+01
FWHM_V: 6.000000e-02
FWHM_mV: 6.000000e+01
FWHM_ideal_mV: 4.521658e+01
R2_gaussian: 9.979597e-01
baseline_ratio_pct: 7.332730e+01
