METRIQUES SWV
========================================
I_peak_A: 1.576190e-06
I_peak_nA: 1.576190e+03
I_peak_raw_uA: 5.782717e+00
E_peak_V: -2.400000e-01
I_baseline_uA: 4.205797e+00
sigma_baseline_nA: 1.770684e+01
SNR: 8.901588e+01
FWHM_V: 5.600000e-02
FWHM_mV: 5.600000e+01
FWHM_ideal_mV: 4.521658e+01
R2_gaussian: 9.983394e-01
baseline_ratio_pct: 7.273045e+01
