METRIQUES SWV
========================================
I_peak_A: 3.088724e-06
I_peak_nA: 3.088724e+03
I_peak_raw_uA: 2.743048e+01
E_peak_V: -2.520000e-01
I_baseline_uA: 2.434182e+01
sigma_baseline_nA: 2.436654e+00
SNR: 1.267609e+03
FWHM_V: 6.400000e-02
FWHM_mV: 6.400000e+01
FWHM_ideal_mV: 4.521658e+01
R2_gaussian: 9.909001e-01
baseline_ratio_pct: 8.874004e+01
IR_drop_mV: 0.000000e+00
K_dimensionless: 1.000000e-01
frequency_Hz: 500
R_u_Ohm: 0
