METRIQUES SWV
========================================
I_peak_A: 2.933407e-06
I_peak_nA: 2.933407e+03
I_peak_raw_uA: 6.887106e+00
E_peak_V: -2.400000e-01
I_baseline_uA: 3.953515e+00
sigma_baseline_nA: 4.505027e+00
SNR: 6.511408e+02
FWHM_V: 5.600000e-02
FWHM_mV: 5.600000e+01
FWHM_ideal_mV: 4.521658e+01
R2_gaussian: 9.990139e-01
baseline_ratio_pct: 5.740459e+01
