METRIQUES SWV
========================================
I_peak_A: 3.181460e-06
I_peak_nA: 3.181460e+03
I_peak_raw_uA: 6.500058e+00
E_peak_V: -2.400000e-01
I_baseline_uA: 3.318605e+00
sigma_baseline_nA: 1.593730e+00
SNR: 1.996235e+03
FWHM_V: 5.600000e-02
FWHM_mV: 5.600000e+01
FWHM_ideal_mV: 4.521658e+01
R2_gaussian: 9.989937e-01
baseline_ratio_pct: 5.105500e+01
