METRIQUES SWV
========================================
I_peak_A: 3.644141e-06
I_peak_nA: 3.644141e+03
I_peak_raw_uA: 7.506126e+00
E_peak_V: -2.400000e-01
I_baseline_uA: 3.861592e+00
sigma_baseline_nA: 8.287563e+00
SNR: 4.397120e+02
FWHM_V: 5.600000e-02
FWHM_mV: 5.600000e+01
FWHM_ideal_mV: 4.521658e+01
R2_gaussian: 9.989993e-01
baseline_ratio_pct: 5.144587e+01
