METRIQUES SWV
========================================
I_peak_A: 1.350729e-06
I_peak_nA: 1.350729e+03
I_peak_raw_uA: 2.571142e+00
E_peak_V: -2.400000e-01
I_baseline_uA: 1.220296e+00
sigma_baseline_nA: 2.671742e+00
SNR: 5.055613e+02
FWHM_V: 5.600000e-02
FWHM_mV: 5.600000e+01
FWHM_ideal_mV: 4.521658e+01
R2_gaussian: 9.994447e-01
baseline_ratio_pct: 4.746125e+01
