METRIQUES SWV
========================================
I_peak_A: 2.925531e-06
I_peak_nA: 2.925531e+03
I_peak_raw_uA: 6.786567e+00
E_peak_V: -2.400000e-01
I_baseline_uA: 3.860636e+00
sigma_baseline_nA: 8.524874e+00
SNR: 3.431759e+02
FWHM_V: 5.600000e-02
FWHM_mV: 5.600000e+01
FWHM_ideal_mV: 4.521658e+01
R2_gaussian: 9.990156e-01
baseline_ratio_pct: 5.688644e+01
