METRIQUES SWV
========================================
I_peak_A: 2.925209e-06
I_peak_nA: 2.925209e+03
I_peak_raw_uA: 5.366905e+00
E_peak_V: -2.400000e-01
I_baseline_uA: 2.441440e+00
sigma_baseline_nA: 5.556823e+00
SNR: 5.264174e+02
FWHM_V: 5.600000e-02
FWHM_mV: 5.600000e+01
FWHM_ideal_mV: 4.521658e+01
R2_gaussian: 9.992313e-01
baseline_ratio_pct: 4.549065e+01
IR_drop_mV: 5.214752e-01
K_dimensionless: 1.481636e+00
frequency_Hz: 25
R_u_Ohm: 200
