METRIQUES SWV
========================================
I_peak_A: 1.623573e-06
I_peak_nA: 1.623573e+03
I_peak_raw_uA: 5.630408e+00
E_peak_V: -2.400000e-01
I_baseline_uA: 4.006061e+00
sigma_baseline_nA: 1.615191e+01
SNR: 1.005190e+02
FWHM_V: 5.600000e-02
FWHM_mV: 5.600000e+01
FWHM_ideal_mV: 4.521658e+01
R2_gaussian: 9.984571e-01
baseline_ratio_pct: 7.115046e+01
