METRIQUES SWV
========================================
I_peak_A: 3.469187e-06
I_peak_nA: 3.469187e+03
I_peak_raw_uA: 1.077667e+01
E_peak_V: -2.440000e-01
I_baseline_uA: 7.307389e+00
sigma_baseline_nA: 4.680705e+00
SNR: 7.411676e+02
FWHM_V: 6.000000e-02
FWHM_mV: 6.000000e+01
FWHM_ideal_mV: 4.521658e+01
R2_gaussian: 9.978492e-01
baseline_ratio_pct: 6.780746e+01
IR_drop_mV: 0.000000e+00
K_dimensionless: 4.303540e-01
frequency_Hz: 100
R_u_Ohm: 0
