METRIQUES SWV
========================================
I_peak_A: 2.641055e-06
I_peak_nA: 2.641055e+03
I_peak_raw_uA: 5.643905e+00
E_peak_V: -2.400000e-01
I_baseline_uA: 3.002350e+00
sigma_baseline_nA: 1.163012e+01
SNR: 2.270875e+02
FWHM_V: 5.600000e-02
FWHM_mV: 5.600000e+01
FWHM_ideal_mV: 4.521658e+01
R2_gaussian: 9.991586e-01
baseline_ratio_pct: 5.319633e+01
