METRIQUES SWV
========================================
I_peak_A: 1.951023e-06
I_peak_nA: 1.951023e+03
I_peak_raw_uA: 7.815028e+00
E_peak_V: -2.440000e-01
I_baseline_uA: 5.864005e+00
sigma_baseline_nA: 2.949189e+00
SNR: 6.615456e+02
FWHM_V: 6.000000e-02
FWHM_mV: 6.000000e+01
FWHM_ideal_mV: 4.521658e+01
R2_gaussian: 9.984228e-01
baseline_ratio_pct: 7.503498e+01
