METRIQUES SWV
========================================
I_peak_A: 3.326648e-06
I_peak_nA: 3.326648e+03
I_peak_raw_uA: 8.858610e+00
E_peak_V: -2.440000e-01
I_baseline_uA: 5.531955e+00
sigma_baseline_nA: 2.700702e+00
SNR: 1.231772e+03
FWHM_V: 6.000000e-02
FWHM_mV: 6.000000e+01
FWHM_ideal_mV: 4.521658e+01
R2_gaussian: 9.984391e-01
baseline_ratio_pct: 6.244720e+01
