METRIQUES SWV
========================================
I_peak_A: 1.588730e-06
I_peak_nA: 1.588730e+03
I_peak_raw_uA: 2.975804e+00
E_peak_V: -2.400000e-01
I_baseline_uA: 1.386956e+00
sigma_baseline_nA: 3.286309e+00
SNR: 4.834391e+02
FWHM_V: 5.600000e-02
FWHM_mV: 5.600000e+01
FWHM_ideal_mV: 4.521658e+01
R2_gaussian: 9.994380e-01
baseline_ratio_pct: 4.660777e+01
