METRIQUES SWV
========================================
I_peak_A: 3.252241e-06
I_peak_nA: 3.252241e+03
I_peak_raw_uA: 9.114346e+00
E_peak_V: -2.400000e-01
I_baseline_uA: 5.862094e+00
sigma_baseline_nA: 2.789140e+00
SNR: 1.166037e+03
FWHM_V: 6.000000e-02
FWHM_mV: 6.000000e+01
FWHM_ideal_mV: 4.521658e+01
R2_gaussian: 9.984377e-01
baseline_ratio_pct: 6.431722e+01
