METRIQUES SWV
========================================
I_peak_A: 2.122550e-06
I_peak_nA: 2.122550e+03
I_peak_raw_uA: 4.375053e+00
E_peak_V: -2.400000e-01
I_baseline_uA: 2.252139e+00
sigma_baseline_nA: 8.503367e+00
SNR: 2.496128e+02
FWHM_V: 5.600000e-02
FWHM_mV: 5.600000e+01
FWHM_ideal_mV: 4.521658e+01
R2_gaussian: 9.992825e-01
baseline_ratio_pct: 5.147684e+01
