METRIQUES SWV
========================================
I_peak_A: 3.657726e-06
I_peak_nA: 3.657726e+03
I_peak_raw_uA: 1.033635e+01
E_peak_V: -2.440000e-01
I_baseline_uA: 6.677988e+00
sigma_baseline_nA: 2.870055e+01
SNR: 1.274445e+02
FWHM_V: 6.000000e-02
FWHM_mV: 6.000000e+01
FWHM_ideal_mV: 4.521658e+01
R2_gaussian: 9.982775e-01
baseline_ratio_pct: 6.460685e+01
