METRIQUES SWV
========================================
I_peak_A: 3.140651e-06
I_peak_nA: 3.140651e+03
I_peak_raw_uA: 9.502699e+00
E_peak_V: -2.440000e-01
I_baseline_uA: 6.362045e+00
sigma_baseline_nA: 3.722998e+00
SNR: 8.435812e+02
FWHM_V: 6.000000e-02
FWHM_mV: 6.000000e+01
FWHM_ideal_mV: 4.521658e+01
R2_gaussian: 9.983760e-01
baseline_ratio_pct: 6.694987e+01
