METRIQUES SWV
========================================
I_peak_A: 4.444741e-06
I_peak_nA: 4.444741e+03
I_peak_raw_uA: 1.135309e+01
E_peak_V: -2.440000e-01
I_baseline_uA: 6.908265e+00
sigma_baseline_nA: 4.415337e+00
SNR: 1.006660e+03
FWHM_V: 6.000000e-02
FWHM_mV: 6.000000e+01
FWHM_ideal_mV: 4.521658e+01
R2_gaussian: 9.983276e-01
baseline_ratio_pct: 6.084923e+01
IR_drop_mV: 0.000000e+00
K_dimensionless: 5.488116e-01
frequency_Hz: 50
R_u_Ohm: 0
