METRIQUES SWV
========================================
I_peak_A: 8.158598e-07
I_peak_nA: 8.158598e+02
I_peak_raw_uA: 2.034469e+00
E_peak_V: -2.400000e-01
I_baseline_uA: 1.218556e+00
sigma_baseline_nA: 1.716755e+00
SNR: 4.752337e+02
FWHM_V: 5.600000e-02
FWHM_mV: 5.600000e+01
FWHM_ideal_mV: 4.521658e+01
R2_gaussian: 9.994216e-01
baseline_ratio_pct: 5.989556e+01
