METRIQUES SWV
========================================
I_peak_A: 2.458092e-06
I_peak_nA: 2.458092e+03
I_peak_raw_uA: 4.670597e+00
E_peak_V: -2.400000e-01
I_baseline_uA: 2.212508e+00
sigma_baseline_nA: 9.205494e-01
SNR: 2.670245e+03
FWHM_V: 5.600000e-02
FWHM_mV: 5.600000e+01
FWHM_ideal_mV: 4.521658e+01
R2_gaussian: 9.989381e-01
baseline_ratio_pct: 4.737100e+01
IR_drop_mV: 0.000000e+00
K_dimensionless: 1.000000e+00
frequency_Hz: 50
R_u_Ohm: 0
