METRIQUES SWV
========================================
I_peak_A: 3.256471e-06
I_peak_nA: 3.256471e+03
I_peak_raw_uA: 2.538168e+01
E_peak_V: -2.520000e-01
I_baseline_uA: 2.212521e+01
sigma_baseline_nA: 9.042333e-01
SNR: 3.601361e+03
FWHM_V: 6.400000e-02
FWHM_mV: 6.400000e+01
FWHM_ideal_mV: 4.521658e+01
R2_gaussian: 9.907601e-01
baseline_ratio_pct: 8.717000e+01
IR_drop_mV: 0.000000e+00
K_dimensionless: 1.000000e-01
frequency_Hz: 500
R_u_Ohm: 0
