METRIQUES SWV
========================================
I_peak_A: 2.244904e-06
I_peak_nA: 2.244904e+03
I_peak_raw_uA: 5.018316e+00
E_peak_V: -2.400000e-01
I_baseline_uA: 2.773164e+00
sigma_baseline_nA: 6.302073e+00
SNR: 3.562167e+02
FWHM_V: 5.600000e-02
FWHM_mV: 5.600000e+01
FWHM_ideal_mV: 4.521658e+01
R2_gaussian: 9.991750e-01
baseline_ratio_pct: 5.526084e+01
