METRIQUES SWV
========================================
I_peak_A: 3.515013e-06
I_peak_nA: 3.515013e+03
I_peak_raw_uA: 7.520324e+00
E_peak_V: -2.400000e-01
I_baseline_uA: 4.004561e+00
sigma_baseline_nA: 1.701011e+01
SNR: 2.066426e+02
FWHM_V: 5.600000e-02
FWHM_mV: 5.600000e+01
FWHM_ideal_mV: 4.521658e+01
R2_gaussian: 9.989483e-01
baseline_ratio_pct: 5.324985e+01
