METRIQUES SWV
========================================
I_peak_A: 2.843281e-06
I_peak_nA: 2.843281e+03
I_peak_raw_uA: 9.851229e+00
E_peak_V: -2.400000e-01
I_baseline_uA: 7.006671e+00
sigma_baseline_nA: 2.912320e+01
SNR: 9.762944e+01
FWHM_V: 6.000000e-02
FWHM_mV: 6.000000e+01
FWHM_ideal_mV: 4.521658e+01
R2_gaussian: 9.979442e-01
baseline_ratio_pct: 7.112484e+01
