METRIQUES SWV
========================================
I_peak_A: 1.629424e-06
I_peak_nA: 1.629424e+03
I_peak_raw_uA: 2.850304e+00
E_peak_V: -2.400000e-01
I_baseline_uA: 1.220754e+00
sigma_baseline_nA: 3.061175e+00
SNR: 5.322872e+02
FWHM_V: 5.600000e-02
FWHM_mV: 5.600000e+01
FWHM_ideal_mV: 4.521658e+01
R2_gaussian: 9.994330e-01
baseline_ratio_pct: 4.282890e+01
IR_drop_mV: 1.391591e+00
K_dimensionless: 2.000000e+00
frequency_Hz: 25
R_u_Ohm: 1000
