METRIQUES SWV
========================================
I_peak_A: 7.982510e-07
I_peak_nA: 7.982510e+02
I_peak_raw_uA: 1.240384e+00
E_peak_V: -2.400000e-01
I_baseline_uA: 4.421248e-01
sigma_baseline_nA: 8.023708e-01
SNR: 9.948654e+02
FWHM_V: 5.600000e-02
FWHM_mV: 5.600000e+01
FWHM_ideal_mV: 4.521658e+01
R2_gaussian: 9.998028e-01
baseline_ratio_pct: 3.564419e+01
IR_drop_mV: 0.000000e+00
K_dimensionless: 5.000000e+00
frequency_Hz: 10
R_u_Ohm: 0
