METRIQUES SWV
========================================
I_peak_A: 1.370243e-06
I_peak_nA: 1.370243e+03
I_peak_raw_uA: 3.944691e+00
E_peak_V: -2.400000e-01
I_baseline_uA: 2.574220e+00
sigma_baseline_nA: 5.249609e+00
SNR: 2.610181e+02
FWHM_V: 5.600000e-02
FWHM_mV: 5.600000e+01
FWHM_ideal_mV: 4.521658e+01
R2_gaussian: 9.991725e-01
baseline_ratio_pct: 6.525783e+01
