METRIQUES SWV
========================================
I_peak_A: 1.530457e-06
I_peak_nA: 1.530457e+03
I_peak_raw_uA: 3.742832e+00
E_peak_V: -2.400000e-01
I_baseline_uA: 2.212369e+00
sigma_baseline_nA: 1.093807e+00
SNR: 1.399202e+03
FWHM_V: 5.600000e-02
FWHM_mV: 5.600000e+01
FWHM_ideal_mV: 4.521658e+01
R2_gaussian: 9.991681e-01
baseline_ratio_pct: 5.910949e+01
