METRIQUES SWV
========================================
I_peak_A: 1.187242e-06
I_peak_nA: 1.187242e+03
I_peak_raw_uA: 4.190258e+00
E_peak_V: -2.400000e-01
I_baseline_uA: 3.002502e+00
sigma_baseline_nA: 1.157937e+01
SNR: 1.025308e+02
FWHM_V: 5.600000e-02
FWHM_mV: 5.600000e+01
FWHM_ideal_mV: 4.521658e+01
R2_gaussian: 9.986519e-01
baseline_ratio_pct: 7.165436e+01
