METRIQUES SWV
========================================
I_peak_A: 3.896691e-06
I_peak_nA: 3.896691e+03
I_peak_raw_uA: 1.025847e+01
E_peak_V: -2.440000e-01
I_baseline_uA: 6.361768e+00
sigma_baseline_nA: 3.213774e+00
SNR: 1.212497e+03
FWHM_V: 6.000000e-02
FWHM_mV: 6.000000e+01
FWHM_ideal_mV: 4.521658e+01
R2_gaussian: 9.984259e-01
baseline_ratio_pct: 6.201479e+01
