METRIQUES SWV
========================================
I_peak_A: 2.885834e-06
I_peak_nA: 2.885834e+03
I_peak_raw_uA: 1.209168e+01
E_peak_V: -2.440000e-01
I_baseline_uA: 9.205819e+00
sigma_baseline_nA: 1.437665e+00
SNR: 2.007307e+03
FWHM_V: 6.000000e-02
FWHM_mV: 6.000000e+01
FWHM_ideal_mV: 4.521658e+01
R2_gaussian: 9.961966e-01
baseline_ratio_pct: 7.613351e+01
IR_drop_mV: 0.000000e+00
K_dimensionless: 2.500000e-01
frequency_Hz: 200
R_u_Ohm: 0
