METRIQUES SWV
========================================
I_peak_A: 3.811697e-06
I_peak_nA: 3.811697e+03
I_peak_raw_uA: 9.915059e+00
E_peak_V: -2.400000e-01
I_baseline_uA: 6.102723e+00
sigma_baseline_nA: 1.324478e+01
SNR: 2.877886e+02
FWHM_V: 6.000000e-02
FWHM_mV: 6.000000e+01
FWHM_ideal_mV: 4.521658e+01
R2_gaussian: 9.985739e-01
baseline_ratio_pct: 6.155004e+01
IR_drop_mV: 9.449682e-01
K_dimensionless: 6.023884e-01
frequency_Hz: 25
R_u_Ohm: 200
