METRIQUES SWV
========================================
I_peak_A: 1.489180e-06
I_peak_nA: 1.489180e+03
I_peak_raw_uA: 2.470862e+00
E_peak_V: -2.400000e-01
I_baseline_uA: 9.814351e-01
sigma_baseline_nA: 5.672668e+00
SNR: 2.625184e+02
FWHM_V: 5.600000e-02
FWHM_mV: 5.600000e+01
FWHM_ideal_mV: 4.521658e+01
R2_gaussian: 9.997502e-01
baseline_ratio_pct: 3.972035e+01
IR_drop_mV: 0.000000e+00
K_dimensionless: 3.704091e+00
frequency_Hz: 10
R_u_Ohm: 0
