METRIQUES SWV
========================================
I_peak_A: 1.787452e-06
I_peak_nA: 1.787452e+03
I_peak_raw_uA: 8.223397e+00
E_peak_V: -2.400000e-01
I_baseline_uA: 6.435280e+00
sigma_baseline_nA: 1.401456e+01
SNR: 1.275424e+02
FWHM_V: 6.000000e-02
FWHM_mV: 6.000000e+01
FWHM_ideal_mV: 4.521658e+01
R2_gaussian: 9.982677e-01
baseline_ratio_pct: 7.825574e+01
