METRIQUES SWV
========================================
I_peak_A: 2.324017e-06
I_peak_nA: 2.324017e+03
I_peak_raw_uA: 4.255456e+00
E_peak_V: -2.400000e-01
I_baseline_uA: 1.931245e+00
sigma_baseline_nA: 4.132612e+00
SNR: 5.623603e+02
FWHM_V: 5.600000e-02
FWHM_mV: 5.600000e+01
FWHM_ideal_mV: 4.521658e+01
R2_gaussian: 9.993175e-01
baseline_ratio_pct: 4.538279e+01
