METRIQUES SWV
========================================
I_peak_A: 7.416495e-07
I_peak_nA: 7.416495e+02
I_peak_raw_uA: 2.128588e+00
E_peak_V: -2.400000e-01
I_baseline_uA: 1.386803e+00
sigma_baseline_nA: 3.239028e+00
SNR: 2.289729e+02
FWHM_V: 5.600000e-02
FWHM_mV: 5.600000e+01
FWHM_ideal_mV: 4.521658e+01
R2_gaussian: 9.992898e-01
baseline_ratio_pct: 6.515132e+01
