METRIQUES SWV
========================================
I_peak_A: 4.027711e-06
I_peak_nA: 4.027711e+03
I_peak_raw_uA: 9.558772e+00
E_peak_V: -2.400000e-01
I_baseline_uA: 5.531053e+00
sigma_baseline_nA: 3.096502e+00
SNR: 1.300729e+03
FWHM_V: 6.000000e-02
FWHM_mV: 6.000000e+01
FWHM_ideal_mV: 4.521658e+01
R2_gaussian: 9.985210e-01
baseline_ratio_pct: 5.786364e+01
IR_drop_mV: 9.069991e-01
K_dimensionless: 6.023884e-01
frequency_Hz: 25
R_u_Ohm: 200
