METRIQUES SWV
========================================
I_peak_A: 4.370334e-06
I_peak_nA: 4.370334e+03
I_peak_raw_uA: 2.278208e+01
E_peak_V: -2.480000e-01
I_baseline_uA: 1.841175e+01
sigma_baseline_nA: 2.715365e+00
SNR: 1.609483e+03
FWHM_V: 6.400000e-02
FWHM_mV: 6.400000e+01
FWHM_ideal_mV: 4.521658e+01
R2_gaussian: 9.949207e-01
baseline_ratio_pct: 8.081679e+01
IR_drop_mV: 0.000000e+00
K_dimensionless: 1.852046e-01
frequency_Hz: 200
R_u_Ohm: 0
