METRIQUES SWV
========================================
I_peak_A: 7.789470e-07
I_peak_nA: 7.789470e+02
I_peak_raw_uA: 1.240596e+00
E_peak_V: -2.400000e-01
I_baseline_uA: 4.615905e-01
sigma_baseline_nA: 1.488311e+00
SNR: 5.233763e+02
FWHM_V: 5.600000e-02
FWHM_mV: 5.600000e+01
FWHM_ideal_mV: 4.521658e+01
R2_gaussian: 9.998199e-01
baseline_ratio_pct: 3.720716e+01
IR_drop_mV: 0.000000e+00
K_dimensionless: 5.000000e+00
frequency_Hz: 10
R_u_Ohm: 0
