METRIQUES SWV
========================================
I_peak_A: 4.103704e-06
I_peak_nA: 4.103704e+03
I_peak_raw_uA: 9.635039e+00
E_peak_V: -2.440000e-01
I_baseline_uA: 5.531331e+00
sigma_baseline_nA: 2.590750e+00
SNR: 1.583983e+03
FWHM_V: 6.000000e-02
FWHM_mV: 6.000000e+01
FWHM_ideal_mV: 4.521658e+01
R2_gaussian: 9.984130e-01
baseline_ratio_pct: 5.740850e+01
IR_drop_mV: 0.000000e+00
K_dimensionless: 6.023884e-01
frequency_Hz: 25
R_u_Ohm: 0
