METRIQUES SWV
========================================
I_peak_A: 2.825076e-06
I_peak_nA: 2.825076e+03
I_peak_raw_uA: 6.984576e+00
E_peak_V: -2.400000e-01
I_baseline_uA: 4.159128e+00
sigma_baseline_nA: 9.248787e+00
SNR: 3.054537e+02
FWHM_V: 5.600000e-02
FWHM_mV: 5.600000e+01
FWHM_ideal_mV: 4.521658e+01
R2_gaussian: 9.989973e-01
baseline_ratio_pct: 5.954732e+01
