METRIQUES SWV
========================================
I_peak_A: 3.825405e-06
I_peak_nA: 3.825405e+03
I_peak_raw_uA: 8.431042e+00
E_peak_V: -2.400000e-01
I_baseline_uA: 4.605537e+00
sigma_baseline_nA: 2.685848e+00
SNR: 1.424282e+03
FWHM_V: 6.000000e-02
FWHM_mV: 6.000000e+01
FWHM_ideal_mV: 4.521658e+01
R2_gaussian: 9.987092e-01
baseline_ratio_pct: 5.462596e+01
IR_drop_mV: 0.000000e+00
K_dimensionless: 7.408182e-01
frequency_Hz: 50
R_u_Ohm: 0
