METRIQUES SWV
========================================
I_peak_A: 1.304403e-06
I_peak_nA: 1.304403e+03
I_peak_raw_uA: 4.078198e+00
E_peak_V: -2.400000e-01
I_baseline_uA: 2.773543e+00
sigma_baseline_nA: 6.125232e+00
SNR: 2.129557e+02
FWHM_V: 5.600000e-02
FWHM_mV: 5.600000e+01
FWHM_ideal_mV: 4.521658e+01
R2_gaussian: 9.990958e-01
baseline_ratio_pct: 6.800903e+01
