METRIQUES SWV
========================================
I_peak_A: 3.929825e-06
I_peak_nA: 3.929825e+03
I_peak_raw_uA: 7.248697e+00
E_peak_V: -2.400000e-01
I_baseline_uA: 3.318887e+00
sigma_baseline_nA: 2.077241e+00
SNR: 1.891849e+03
FWHM_V: 5.600000e-02
FWHM_mV: 5.600000e+01
FWHM_ideal_mV: 4.521658e+01
R2_gaussian: 9.990111e-01
baseline_ratio_pct: 4.578597e+01
