METRIQUES SWV
========================================
I_peak_A: 3.649728e-06
I_peak_nA: 3.649728e+03
I_peak_raw_uA: 7.603944e+00
E_peak_V: -2.400000e-01
I_baseline_uA: 3.954067e+00
sigma_baseline_nA: 4.436971e+00
SNR: 8.225719e+02
FWHM_V: 5.600000e-02
FWHM_mV: 5.600000e+01
FWHM_ideal_mV: 4.521658e+01
R2_gaussian: 9.990352e-01
baseline_ratio_pct: 5.200021e+01
