METRIQUES SWV
========================================
I_peak_A: 5.007102e-06
I_peak_nA: 5.007102e+03
I_peak_raw_uA: 3.262373e+01
E_peak_V: -2.480000e-01
I_baseline_uA: 2.761663e+01
sigma_baseline_nA: 4.035640e+00
SNR: 1.240721e+03
FWHM_V: 6.400000e-02
FWHM_mV: 6.400000e+01
FWHM_ideal_mV: 4.521658e+01
R2_gaussian: 9.931859e-01
baseline_ratio_pct: 8.465196e+01
IR_drop_mV: 0.000000e+00
K_dimensionless: 1.372029e-01
frequency_Hz: 200
R_u_Ohm: 0
