METRIQUES SWV
========================================
I_peak_A: 1.194983e-06
I_peak_nA: 1.194983e+03
I_peak_raw_uA: 2.953569e+00
E_peak_V: -2.400000e-01
I_baseline_uA: 1.758591e+00
sigma_baseline_nA: 1.457839e+00
SNR: 8.196948e+02
FWHM_V: 5.600000e-02
FWHM_mV: 5.600000e+01
FWHM_ideal_mV: 4.521658e+01
R2_gaussian: 9.992278e-01
baseline_ratio_pct: 5.954122e+01
