METRIQUES SWV
========================================
I_peak_A: 3.858643e-06
I_peak_nA: 3.858643e+03
I_peak_raw_uA: 9.962904e+00
E_peak_V: -2.400000e-01
I_baseline_uA: 6.103647e+00
sigma_baseline_nA: 1.410687e+01
SNR: 2.735293e+02
FWHM_V: 6.000000e-02
FWHM_mV: 6.000000e+01
FWHM_ideal_mV: 4.521658e+01
R2_gaussian: 9.984865e-01
baseline_ratio_pct: 6.126374e+01
IR_drop_mV: 2.376998e-01
K_dimensionless: 6.023884e-01
frequency_Hz: 25
R_u_Ohm: 50
