METRIQUES SWV
========================================
I_peak_A: 4.318485e-06
I_peak_nA: 4.318485e+03
I_peak_raw_uA: 3.750588e+01
E_peak_V: -2.520000e-01
I_baseline_uA: 3.318740e+01
sigma_baseline_nA: 1.068810e+00
SNR: 4.040462e+03
FWHM_V: 6.400000e-02
FWHM_mV: 6.400000e+01
FWHM_ideal_mV: 4.521658e+01
R2_gaussian: 9.893844e-01
baseline_ratio_pct: 8.848585e+01
IR_drop_mV: 0.000000e+00
K_dimensionless: 8.607080e-02
frequency_Hz: 500
R_u_Ohm: 0
