METRIQUES SWV
========================================
I_peak_A: 3.934351e-06
I_peak_nA: 3.934351e+03
I_peak_raw_uA: 1.002644e+01
E_peak_V: -2.440000e-01
I_baseline_uA: 6.091983e+00
sigma_baseline_nA: 6.903938e+00
SNR: 5.698705e+02
FWHM_V: 6.000000e-02
FWHM_mV: 6.000000e+01
FWHM_ideal_mV: 4.521658e+01
R2_gaussian: 9.984719e-01
baseline_ratio_pct: 6.075915e+01
