METRIQUES SWV
========================================
I_peak_A: 3.522711e-06
I_peak_nA: 3.522711e+03
I_peak_raw_uA: 7.683621e+00
E_peak_V: -2.400000e-01
I_baseline_uA: 4.160512e+00
sigma_baseline_nA: 9.267225e+00
SNR: 3.801258e+02
FWHM_V: 5.600000e-02
FWHM_mV: 5.600000e+01
FWHM_ideal_mV: 4.521658e+01
R2_gaussian: 9.990140e-01
baseline_ratio_pct: 5.414781e+01
