METRIQUES SWV
========================================
I_peak_A: 2.326271e-06
I_peak_nA: 2.326271e+03
I_peak_raw_uA: 4.900555e+00
E_peak_V: -2.400000e-01
I_baseline_uA: 2.574036e+00
sigma_baseline_nA: 5.441507e+00
SNR: 4.275049e+02
FWHM_V: 5.600000e-02
FWHM_mV: 5.600000e+01
FWHM_ideal_mV: 4.521658e+01
R2_gaussian: 9.992057e-01
baseline_ratio_pct: 5.252539e+01
