METRIQUES SWV
========================================
I_peak_A: 4.884188e-06
I_peak_nA: 4.884188e+03
I_peak_raw_uA: 5.356657e+01
E_peak_V: -2.560000e-01
I_baseline_uA: 4.868264e+01
sigma_baseline_nA: 5.555670e+00
SNR: 8.791357e+02
FWHM_V: 6.400000e-02
FWHM_mV: 6.400000e+01
FWHM_ideal_mV: 4.521658e+01
R2_gaussian: 9.878920e-01
baseline_ratio_pct: 9.088250e+01
IR_drop_mV: 0.000000e+00
K_dimensionless: 7.408182e-02
frequency_Hz: 500
R_u_Ohm: 0
