METRIQUES SWV
========================================
I_peak_A: 1.231232e-06
I_peak_nA: 1.231232e+03
I_peak_raw_uA: 2.890781e+00
E_peak_V: -2.400000e-01
I_baseline_uA: 1.659537e+00
sigma_baseline_nA: 9.991950e-01
SNR: 1.232224e+03
FWHM_V: 5.600000e-02
FWHM_mV: 5.600000e+01
FWHM_ideal_mV: 4.521658e+01
R2_gaussian: 9.992803e-01
baseline_ratio_pct: 5.740792e+01
