METRIQUES SWV
========================================
I_peak_A: 3.703909e-06
I_peak_nA: 3.703909e+03
I_peak_raw_uA: 9.808835e+00
E_peak_V: -2.400000e-01
I_baseline_uA: 6.104355e+00
sigma_baseline_nA: 1.379987e+01
SNR: 2.684018e+02
FWHM_V: 6.400000e-02
FWHM_mV: 6.400000e+01
FWHM_ideal_mV: 4.521658e+01
R2_gaussian: 9.986469e-01
baseline_ratio_pct: 6.223323e+01
IR_drop_mV: 2.336236e+00
K_dimensionless: 6.023884e-01
frequency_Hz: 25
R_u_Ohm: 500
