METRIQUES SWV
========================================
I_peak_A: 2.455236e-06
I_peak_nA: 2.455236e+03
I_peak_raw_uA: 4.183671e+00
E_peak_V: -2.400000e-01
I_baseline_uA: 1.728348e+00
sigma_baseline_nA: 2.460577e+00
SNR: 9.978293e+02
FWHM_V: 5.600000e-02
FWHM_mV: 5.600000e+01
FWHM_ideal_mV: 4.521658e+01
R2_gaussian: 9.993033e-01
baseline_ratio_pct: 4.131175e+01
IR_drop_mV: 0.000000e+00
K_dimensionless: 1.721416e+00
frequency_Hz: 25
R_u_Ohm: 0
