METRIQUES SWV
========================================
I_peak_A: 3.642773e-06
I_peak_nA: 3.642773e+03
I_peak_raw_uA: 1.825134e+01
E_peak_V: -2.440000e-01
I_baseline_uA: 1.460847e+01
sigma_baseline_nA: 4.615461e+00
SNR: 7.892543e+02
FWHM_V: 6.400000e-02
FWHM_mV: 6.400000e+01
FWHM_ideal_mV: 4.521658e+01
R2_gaussian: 9.956393e-01
baseline_ratio_pct: 8.004055e+01
IR_drop_mV: 0.000000e+00
K_dimensionless: 2.151770e-01
frequency_Hz: 200
R_u_Ohm: 0
