METRIQUES SWV
========================================
I_peak_A: 1.580010e-06
I_peak_nA: 1.580010e+03
I_peak_raw_uA: 2.915714e+00
E_peak_V: -2.400000e-01
I_baseline_uA: 1.335450e+00
sigma_baseline_nA: 5.977157e+00
SNR: 2.643414e+02
FWHM_V: 5.600000e-02
FWHM_mV: 5.600000e+01
FWHM_ideal_mV: 4.521658e+01
R2_gaussian: 9.993932e-01
baseline_ratio_pct: 4.580180e+01
IR_drop_mV: 1.425578e-01
K_dimensionless: 2.000000e+00
frequency_Hz: 25
R_u_Ohm: 100
