METRIQUES SWV
========================================
I_peak_A: 1.865676e-06
I_peak_nA: 1.865676e+03
I_peak_raw_uA: 5.322019e+00
E_peak_V: -2.400000e-01
I_baseline_uA: 3.456189e+00
sigma_baseline_nA: 3.865485e+00
SNR: 4.826499e+02
FWHM_V: 5.600000e-02
FWHM_mV: 5.600000e+01
FWHM_ideal_mV: 4.521658e+01
R2_gaussian: 9.990203e-01
baseline_ratio_pct: 6.494131e+01
