METRIQUES SWV
========================================
I_peak_A: 3.798284e-06
I_peak_nA: 3.798284e+03
I_peak_raw_uA: 1.023406e+01
E_peak_V: -2.440000e-01
I_baseline_uA: 6.435455e+00
sigma_baseline_nA: 1.256641e+01
SNR: 3.022568e+02
FWHM_V: 6.000000e-02
FWHM_mV: 6.000000e+01
FWHM_ideal_mV: 4.521658e+01
R2_gaussian: 9.984938e-01
baseline_ratio_pct: 6.288271e+01
