METRIQUES SWV
========================================
I_peak_A: 8.005344e-07
I_peak_nA: 8.005344e+02
I_peak_raw_uA: 2.021640e+00
E_peak_V: -2.400000e-01
I_baseline_uA: 1.220963e+00
sigma_baseline_nA: 3.187726e+00
SNR: 2.511303e+02
FWHM_V: 5.600000e-02
FWHM_mV: 5.600000e+01
FWHM_ideal_mV: 4.521658e+01
R2_gaussian: 9.993750e-01
baseline_ratio_pct: 6.039468e+01
