METRIQUES SWV
========================================
I_peak_A: 2.792406e-06
I_peak_nA: 2.792406e+03
I_peak_raw_uA: 7.217286e+00
E_peak_V: -2.440000e-01
I_baseline_uA: 4.424881e+00
sigma_baseline_nA: 7.899103e-01
SNR: 3.535093e+03
FWHM_V: 6.000000e-02
FWHM_mV: 6.000000e+01
FWHM_ideal_mV: 4.521658e+01
R2_gaussian: 9.981002e-01
baseline_ratio_pct: 6.130949e+01
IR_drop_mV: 0.000000e+00
K_dimensionless: 5.000000e-01
frequency_Hz: 100
R_u_Ohm: 0
