METRIQUES SWV
========================================
I_peak_A: 3.300483e-06
I_peak_nA: 3.300483e+03
I_peak_raw_uA: 6.619431e+00
E_peak_V: -2.400000e-01
I_baseline_uA: 3.318932e+00
sigma_baseline_nA: 1.310415e+00
SNR: 2.518654e+03
FWHM_V: 6.000000e-02
FWHM_mV: 6.000000e+01
FWHM_ideal_mV: 4.521658e+01
R2_gaussian: 9.988348e-01
baseline_ratio_pct: 5.013923e+01
IR_drop_mV: 0.000000e+00
K_dimensionless: 8.607080e-01
frequency_Hz: 50
R_u_Ohm: 0
